name:buttonMesh
id:button-lib

collision:3

indices:38
0 1 2
3 4 5
6 7 8
9 10 11
12 13 14
15 16 17
18 19 20
21 22 23
24 25 26
27 28 29
30 31 32
33 34 35
36 37 38
39 40 41
42 43 44
45 46 47
48 49 50
51 52 53
54 55 56
57 58 59
60 61 62
63 64 65
66 67 68
69 70 71
72 73 74
75 76 77
78 79 80
81 82 83
84 85 86
87 88 89
90 91 92
93 94 95
96 97 98
99 100 101
102 103 104
105 106 107
108 109 110
111 112 113

vertices:114
0.846050 -2.459418 0.321786
0.846050 2.459415 0.321786
0.590082 2.695436 0.321786
0.590082 2.695436 0.321786
0.590082 -2.695439 0.321786
0.846050 -2.459418 0.321786
0.590082 -2.695439 0.321786
0.590082 2.695436 0.321786
-0.590082 2.695436 0.321786
-0.590082 2.695436 0.321786
-0.590082 -2.695439 0.321786
0.590082 -2.695439 0.321786
-0.590082 -2.695439 0.321786
-0.590082 2.695436 0.321786
-0.846050 2.459415 0.321786
-0.846050 2.459415 0.321786
-0.846050 -2.459418 0.321786
-0.590082 -2.695439 0.321786
0.646450 -2.974264 -0.005789
1.080165 -2.539674 -0.005789
1.080165 -2.539674 0.168946
1.080165 -2.539674 0.168946
0.646450 -2.974264 0.168946
0.646450 -2.974264 -0.005789
1.080165 -2.539674 -0.005789
1.080165 2.539671 -0.005789
1.080165 2.539671 0.168946
1.080165 2.539671 0.168946
1.080165 -2.539674 0.168946
1.080165 -2.539674 -0.005789
1.080165 2.539671 -0.005789
0.646450 2.974261 -0.005789
0.646450 2.974261 0.168946
0.646450 2.974261 0.168946
1.080165 2.539671 0.168946
1.080165 2.539671 -0.005789
0.646450 2.974261 -0.005789
-0.646449 2.974261 -0.005789
-0.646449 2.974261 0.168946
-0.646449 2.974261 0.168946
0.646450 2.974261 0.168946
0.646450 2.974261 -0.005789
-0.646449 2.974261 -0.005789
-1.080165 2.539671 -0.005789
-1.080165 2.539671 0.168946
-1.080165 2.539671 0.168946
-0.646449 2.974261 0.168946
-0.646449 2.974261 -0.005789
-1.080165 2.539671 -0.005789
-1.080165 -2.539675 -0.005789
-1.080165 -2.539675 0.168946
-1.080165 -2.539675 0.168946
-1.080165 2.539671 0.168946
-1.080165 2.539671 -0.005789
-1.080165 -2.539675 -0.005789
-0.646449 -2.974264 -0.005789
-0.646449 -2.974264 0.168946
-0.646449 -2.974264 0.168946
-1.080165 -2.539675 0.168946
-1.080165 -2.539675 -0.005789
-0.646449 -2.974264 -0.005789
0.646450 -2.974264 -0.005789
0.646450 -2.974264 0.168946
0.646450 -2.974264 0.168946
-0.646449 -2.974264 0.168946
-0.646449 -2.974264 -0.005789
0.646450 -2.974264 0.168946
1.080165 -2.539674 0.168946
0.846050 -2.459418 0.321786
0.846050 -2.459418 0.321786
0.590082 -2.695439 0.321786
0.646450 -2.974264 0.168946
1.080165 -2.539674 0.168946
1.080165 2.539671 0.168946
0.846050 2.459415 0.321786
0.846050 2.459415 0.321786
0.846050 -2.459418 0.321786
1.080165 -2.539674 0.168946
1.080165 2.539671 0.168946
0.646450 2.974261 0.168946
0.590082 2.695436 0.321786
0.590082 2.695436 0.321786
0.846050 2.459415 0.321786
1.080165 2.539671 0.168946
0.646450 2.974261 0.168946
-0.646449 2.974261 0.168946
-0.590082 2.695436 0.321786
-0.590082 2.695436 0.321786
0.590082 2.695436 0.321786
0.646450 2.974261 0.168946
-0.646449 2.974261 0.168946
-1.080165 2.539671 0.168946
-0.846050 2.459415 0.321786
-0.846050 2.459415 0.321786
-0.590082 2.695436 0.321786
-0.646449 2.974261 0.168946
-1.080165 2.539671 0.168946
-1.080165 -2.539675 0.168946
-0.846050 -2.459418 0.321786
-0.846050 -2.459418 0.321786
-0.846050 2.459415 0.321786
-1.080165 2.539671 0.168946
-1.080165 -2.539675 0.168946
-0.646449 -2.974264 0.168946
-0.590082 -2.695439 0.321786
-0.590082 -2.695439 0.321786
-0.846050 -2.459418 0.321786
-1.080165 -2.539675 0.168946
-0.646449 -2.974264 0.168946
0.646450 -2.974264 0.168946
0.590082 -2.695439 0.321786
0.590082 -2.695439 0.321786
-0.590082 -2.695439 0.321786
-0.646449 -2.974264 0.168946

normals:114
0.000000 0.000000 1.000000
0.000000 0.000000 1.000000
0.000000 0.000000 1.000000
0.000000 0.000000 1.000000
0.000000 0.000000 1.000000
0.000000 0.000000 1.000000
0.000000 0.000000 1.000000
0.000000 0.000000 1.000000
0.000000 0.000000 1.000000
0.000000 0.000000 1.000000
0.000000 0.000000 1.000000
0.000000 0.000000 1.000000
0.000000 0.000000 1.000000
0.000000 0.000000 1.000000
0.000000 0.000000 1.000000
0.000000 0.000000 1.000000
0.000000 0.000000 1.000000
0.000000 0.000000 1.000000
0.707818 -0.706395 0.000000
0.707818 -0.706395 0.000000
0.707818 -0.706395 0.000000
0.707818 -0.706395 0.000000
0.707818 -0.706395 0.000000
0.707818 -0.706395 0.000000
1.000000 0.000000 0.000000
1.000000 0.000000 0.000000
1.000000 0.000000 0.000000
1.000000 0.000000 0.000000
1.000000 0.000000 0.000000
1.000000 0.000000 0.000000
0.707818 0.706395 0.000000
0.707818 0.706395 0.000000
0.707818 0.706395 0.000000
0.707818 0.706395 0.000000
0.707818 0.706395 0.000000
0.707818 0.706395 0.000000
0.000000 1.000000 0.000000
0.000000 1.000000 0.000000
0.000000 1.000000 0.000000
0.000000 1.000000 0.000000
0.000000 1.000000 0.000000
0.000000 1.000000 0.000000
-0.707818 0.706395 0.000000
-0.707818 0.706395 0.000000
-0.707818 0.706395 0.000000
-0.707818 0.706395 0.000000
-0.707818 0.706395 0.000000
-0.707818 0.706395 0.000000
-1.000000 0.000000 0.000000
-1.000000 0.000000 0.000000
-1.000000 0.000000 0.000000
-1.000000 0.000000 0.000000
-1.000000 0.000000 0.000000
-1.000000 0.000000 0.000000
-0.707818 -0.706395 0.000000
-0.707818 -0.706395 0.000000
-0.707818 -0.706395 0.000000
-0.707818 -0.706395 0.000000
-0.707818 -0.706395 0.000000
-0.707818 -0.706395 0.000000
0.000000 -1.000000 0.000000
0.000000 -1.000000 0.000000
0.000000 -1.000000 0.000000
0.000000 -1.000000 0.000000
0.000000 -1.000000 0.000000
0.000000 -1.000000 0.000000
0.400889 -0.400083 0.824149
0.400889 -0.400083 0.824149
0.400889 -0.400083 0.824149
0.360707 -0.391193 0.846675
0.360707 -0.391193 0.846675
0.360707 -0.391192 0.846675
0.546661 0.000000 0.837354
0.546661 0.000000 0.837354
0.546661 0.000000 0.837354
0.546661 0.000000 0.837354
0.546661 0.000000 0.837354
0.546661 0.000000 0.837354
0.383778 0.383007 0.840250
0.383778 0.383007 0.840250
0.383778 0.383007 0.840250
0.389504 0.422423 0.818440
0.389504 0.422423 0.818441
0.389504 0.422423 0.818440
0.000000 0.480679 0.876897
0.000000 0.480679 0.876897
0.000000 0.480679 0.876897
-0.000000 0.480679 0.876897
-0.000000 0.480679 0.876896
-0.000000 0.480679 0.876896
-0.400890 0.400083 0.824149
-0.400889 0.400083 0.824149
-0.400889 0.400083 0.824149
-0.360706 0.391192 0.846676
-0.360706 0.391192 0.846675
-0.360706 0.391192 0.846676
-0.546662 0.000000 0.837354
-0.546662 0.000000 0.837354
-0.546662 0.000000 0.837354
-0.546662 0.000000 0.837354
-0.546662 0.000000 0.837354
-0.546662 0.000000 0.837353
-0.383778 -0.383006 0.840250
-0.383778 -0.383006 0.840250
-0.383778 -0.383006 0.840250
-0.389504 -0.422424 0.818440
-0.389504 -0.422424 0.818440
-0.389504 -0.422424 0.818440
0.000000 -0.480679 0.876897
0.000000 -0.480679 0.876897
0.000000 -0.480679 0.876897
0.000000 -0.480679 0.876897
0.000000 -0.480679 0.876897
0.000000 -0.480679 0.876897

uvs:114
0.117610 0.668948
0.878645 0.668948
0.915162 0.707617
0.915162 0.707617
0.081094 0.705311
0.117610 0.668948
0.081094 0.705311
0.915162 0.707617
0.915162 0.885906
0.915162 0.885906
0.081094 0.883600
0.081094 0.705311
0.081094 0.883600
0.915162 0.885906
0.878645 0.924576
0.878645 0.924576
0.117610 0.924576
0.081094 0.883600
0.018753 0.676047
0.085906 0.614513
0.105193 0.633580
0.105193 0.633580
0.037954 0.696795
0.018753 0.676047
0.105284 0.606476
0.891444 0.605256
0.891202 0.633390
0.891202 0.633390
0.105193 0.633580
0.105284 0.606476
0.909731 0.614202
0.977153 0.679310
0.958301 0.699102
0.958301 0.699102
0.891202 0.633390
0.909731 0.614202
0.986613 0.698908
0.986615 0.894790
0.958301 0.894422
0.958301 0.894422
0.958301 0.699102
0.986613 0.698908
0.978448 0.913661
0.910778 0.981330
0.891062 0.959944
0.891062 0.959944
0.958301 0.894422
0.978448 0.913661
0.105643 0.960126
0.891062 0.959944
0.890913 0.987757
0.890913 0.987757
0.105762 0.987757
0.105643 0.960126
0.086543 0.979562
0.018247 0.912448
0.037954 0.892116
0.037954 0.892116
0.105643 0.960126
0.086543 0.979562
0.010800 0.892024
0.010802 0.696718
0.037954 0.696795
0.037954 0.696795
0.037954 0.892116
0.010800 0.892024
0.037954 0.696795
0.105193 0.633580
0.117610 0.668948
0.117610 0.668948
0.081094 0.705311
0.037954 0.696795
0.105193 0.633580
0.891202 0.633390
0.878645 0.668948
0.878645 0.668948
0.117610 0.668948
0.105193 0.633580
0.891202 0.633390
0.958301 0.699102
0.915162 0.707617
0.915162 0.707617
0.878645 0.668948
0.891202 0.633390
0.958301 0.699102
0.958301 0.894422
0.915162 0.885906
0.915162 0.885906
0.915162 0.707617
0.958301 0.699102
0.958301 0.894422
0.891062 0.959944
0.878645 0.924576
0.878645 0.924576
0.915162 0.885906
0.958301 0.894422
0.891062 0.959944
0.105643 0.960126
0.117610 0.924576
0.117610 0.924576
0.878645 0.924576
0.891062 0.959944
0.105643 0.960126
0.037954 0.892116
0.081094 0.883600
0.081094 0.883600
0.117610 0.924576
0.105643 0.960126
0.037954 0.892116
0.037954 0.696795
0.081094 0.705311
0.081094 0.705311
0.081094 0.883600
0.037954 0.892116
