name:CubeMeshFile

vertices:24
-0.5 -0.5 -0.5
-0.5 -0.5 0.5
0.5 -0.5 0.5
0.5 -0.5 -0.5
-0.5 0.5 -0.5
-0.5 0.5 0.5
0.5 0.5 0.5
0.5 0.5 -0.5
-0.5 -0.5 -0.5
-0.5 0.5 -0.5
0.5 0.5 -0.5
0.5 -0.5 -0.5
-0.5 -0.5 0.5
-0.5 0.5 0.5
0.5 0.5 0.5
0.5 -0.5 0.5
-0.5 -0.5 -0.5
-0.5 -0.5 0.5
-0.5 0.5 0.5
-0.5 0.5 -0.5
0.5 -0.5 -0.5
0.5 -0.5 0.5
0.5 0.5 0.5
0.5 0.5 -0.5
 
uvs:24
0 1
0 0
1 0
1 1
0 1
0 0
1 0
1 1
0 0
0 1
1 1
0 1
0 0
0 1
1 1
0 1
0 0
0 1
1 1
1 0
0 0
0 1
1 1
1 0

indices:12
0 2 1
0 3 2
4 5 6
4 6 7
8 9 10
8 10 11
12 15 14
12 14 13
16 17 18
16 18 19
20 23 22
20 22 21

normals:24
0.0 -1.0 0.0
0.0 -1.0 0.0
0.0 -1.0 0.0
0.0 -1.0 0.0
0.0 1.0 0.0
0.0 1.0 0.0
0.0 1.0 0.0
0.0 1.0 0.0
0.0 0.0 -1.0
0.0 0.0 -1.0
0.0 0.0 -1.0
0.0 0.0 -1.0
0.0 0.0 1.0
0.0 0.0 1.0
0.0 0.0 1.0
0.0 0.0 1.0
-1.0 0.0 0.0
-1.0 0.0 0.0
-1.0 0.0 0.0
-1.0 0.0 0.0
1.0 0.0 0.0
1.0 0.0 0.0
1.0 0.0 0.0
1.0 0.0 0.0