name:Box01Mesh
id:Box01-lib

indices:12
1 2 3
4 5 6
7 8 9
10 11 12
13 14 15
16 17 18
19 20 21
22 23 24
25 26 27
28 29 30
31 32 33
34 35 36

vertices:36
-0.500000 -0.500000 0.000000
-0.500000 0.500000 0.000000
0.500000 0.500000 0.000000
0.500000 0.500000 0.000000
0.500000 -0.500000 0.000000
-0.500000 -0.500000 0.000000
-0.500000 -0.500000 0.000100
0.500000 -0.500000 0.000100
0.500000 0.500000 0.000100
0.500000 0.500000 0.000100
-0.500000 0.500000 0.000100
-0.500000 -0.500000 0.000100
-0.500000 -0.500000 0.000000
0.500000 -0.500000 0.000000
0.500000 -0.500000 0.000100
0.500000 -0.500000 0.000100
-0.500000 -0.500000 0.000100
-0.500000 -0.500000 0.000000
0.500000 -0.500000 0.000000
0.500000 0.500000 0.000000
0.500000 0.500000 0.000100
0.500000 0.500000 0.000100
0.500000 -0.500000 0.000100
0.500000 -0.500000 0.000000
0.500000 0.500000 0.000000
-0.500000 0.500000 0.000000
-0.500000 0.500000 0.000100
-0.500000 0.500000 0.000100
0.500000 0.500000 0.000100
0.500000 0.500000 0.000000
-0.500000 0.500000 0.000000
-0.500000 -0.500000 0.000000
-0.500000 -0.500000 0.000100
-0.500000 -0.500000 0.000100
-0.500000 0.500000 0.000100
-0.500000 0.500000 0.000000

normals:36
0.000000 0.000000 -1.000000
0.000000 0.000000 -1.000000
0.000000 0.000000 -1.000000
0.000000 0.000000 -1.000000
0.000000 0.000000 -1.000000
0.000000 0.000000 -1.000000
0.000000 0.000000 1.000000
0.000000 0.000000 1.000000
0.000000 0.000000 1.000000
0.000000 0.000000 1.000000
0.000000 0.000000 1.000000
0.000000 0.000000 1.000000
0.000000 -1.000000 0.000000
0.000000 -1.000000 0.000000
0.000000 -1.000000 0.000000
0.000000 -1.000000 0.000000
0.000000 -1.000000 0.000000
0.000000 -1.000000 0.000000
1.000000 0.000000 0.000000
1.000000 0.000000 0.000000
1.000000 0.000000 0.000000
1.000000 0.000000 0.000000
1.000000 0.000000 0.000000
1.000000 0.000000 0.000000
0.000000 1.000000 0.000000
0.000000 1.000000 0.000000
0.000000 1.000000 0.000000
0.000000 1.000000 0.000000
0.000000 1.000000 0.000000
0.000000 1.000000 0.000000
-1.000000 0.000000 0.000000
-1.000000 0.000000 0.000000
-1.000000 0.000000 0.000000
-1.000000 0.000000 0.000000
-1.000000 0.000000 0.000000
-1.000000 0.000000 0.000000

uvs:36
1.000000 0.000000
1.000000 1.000000
0.000000 1.000000
0.000000 1.000000
0.000000 0.000000
1.000000 0.000000
0.000000 0.000000
1.000000 0.000000
1.000000 1.000000
1.000000 1.000000
0.000000 1.000000
0.000000 0.000000
0.000000 0.000000
1.000000 0.000000
1.000000 1.000000
1.000000 1.000000
0.000000 1.000000
0.000000 0.000000
0.000000 0.000000
1.000000 0.000000
1.000000 1.000000
1.000000 1.000000
0.000000 1.000000
0.000000 0.000000
0.000000 0.000000
1.000000 0.000000
1.000000 1.000000
1.000000 1.000000
0.000000 1.000000
0.000000 0.000000
0.000000 0.000000
1.000000 0.000000
1.000000 1.000000
1.000000 1.000000
0.000000 1.000000
0.000000 0.000000
