name:Sphere01Mesh
id:Sphere01-lib

collision:3

indices:80
0 1 2
3 4 5
6 7 8
9 10 11
12 13 14
15 16 17
18 19 20
21 22 23
24 25 26
27 28 29
30 31 32
33 34 35
36 37 38
39 40 41
42 43 44
45 46 47
48 49 50
51 52 53
54 55 56
57 58 59
60 61 62
63 64 65
66 67 68
69 70 71
72 73 74
75 76 77
78 79 80
81 82 83
84 85 86
87 88 89
90 91 92
93 94 95
96 97 98
99 100 101
102 103 104
105 106 107
108 109 110
111 112 113
114 115 116
117 118 119
120 121 122
123 124 125
126 127 128
129 130 131
132 133 134
135 136 137
138 139 140
141 142 143
144 145 146
147 148 149
150 151 152
153 154 155
156 157 158
159 160 161
162 163 164
165 166 167
168 169 170
171 172 173
174 175 176
177 178 179
180 181 182
183 184 185
186 187 188
189 190 191
192 193 194
195 196 197
198 199 200
201 202 203
204 205 206
207 208 209
210 211 212
213 214 215
216 217 218
219 220 221
222 223 224
225 226 227
228 229 230
231 232 233
234 235 236
237 238 239

vertices:240
0.000000 0.000000 4.000000
-0.000000 2.351141 3.236068
-1.381966 1.902113 3.236068
0.000000 0.000000 4.000000
-1.381966 1.902113 3.236068
-2.236068 0.726543 3.236068
0.000000 0.000000 4.000000
-2.236068 0.726543 3.236068
-2.236068 -0.726542 3.236068
0.000000 0.000000 4.000000
-2.236068 -0.726542 3.236068
-1.381966 -1.902113 3.236068
0.000000 0.000000 4.000000
-1.381966 -1.902113 3.236068
0.000000 -2.351141 3.236068
0.000000 0.000000 4.000000
0.000000 -2.351141 3.236068
1.381967 -1.902113 3.236068
0.000000 0.000000 4.000000
1.381967 -1.902113 3.236068
2.236068 -0.726541 3.236068
0.000000 0.000000 4.000000
2.236068 -0.726541 3.236068
2.236068 0.726544 3.236068
0.000000 0.000000 4.000000
2.236068 0.726544 3.236068
1.381964 1.902115 3.236068
0.000000 0.000000 4.000000
1.381964 1.902115 3.236068
-0.000000 2.351141 3.236068
-2.236068 3.077684 1.236068
-1.381966 1.902113 3.236068
-0.000000 2.351141 3.236068
-0.000000 2.351141 3.236068
-0.000000 3.804226 1.236068
-2.236068 3.077684 1.236068
-3.618034 1.175571 1.236068
-2.236068 0.726543 3.236068
-1.381966 1.902113 3.236068
-1.381966 1.902113 3.236068
-2.236068 3.077684 1.236068
-3.618034 1.175571 1.236068
-3.618034 -1.175570 1.236068
-2.236068 -0.726542 3.236068
-2.236068 0.726543 3.236068
-2.236068 0.726543 3.236068
-3.618034 1.175571 1.236068
-3.618034 -1.175570 1.236068
-2.236069 -3.077683 1.236068
-1.381966 -1.902113 3.236068
-2.236068 -0.726542 3.236068
-2.236068 -0.726542 3.236068
-3.618034 -1.175570 1.236068
-2.236069 -3.077683 1.236068
0.000000 -3.804226 1.236068
0.000000 -2.351141 3.236068
-1.381966 -1.902113 3.236068
-1.381966 -1.902113 3.236068
-2.236069 -3.077683 1.236068
0.000000 -3.804226 1.236068
2.236069 -3.077683 1.236068
1.381967 -1.902113 3.236068
0.000000 -2.351141 3.236068
0.000000 -2.351141 3.236068
0.000000 -3.804226 1.236068
2.236069 -3.077683 1.236068
3.618035 -1.175569 1.236068
2.236068 -0.726541 3.236068
1.381967 -1.902113 3.236068
1.381967 -1.902113 3.236068
2.236069 -3.077683 1.236068
3.618035 -1.175569 1.236068
3.618033 1.175573 1.236068
2.236068 0.726544 3.236068
2.236068 -0.726541 3.236068
2.236068 -0.726541 3.236068
3.618035 -1.175569 1.236068
3.618033 1.175573 1.236068
2.236065 3.077686 1.236068
1.381964 1.902115 3.236068
2.236068 0.726544 3.236068
2.236068 0.726544 3.236068
3.618033 1.175573 1.236068
2.236065 3.077686 1.236068
-0.000000 3.804226 1.236068
-0.000000 2.351141 3.236068
1.381964 1.902115 3.236068
1.381964 1.902115 3.236068
2.236065 3.077686 1.236068
-0.000000 3.804226 1.236068
-2.236068 3.077684 -1.236068
-2.236068 3.077684 1.236068
-0.000000 3.804226 1.236068
-0.000000 3.804226 1.236068
-0.000000 3.804226 -1.236068
-2.236068 3.077684 -1.236068
-3.618034 1.175571 -1.236068
-3.618034 1.175571 1.236068
-2.236068 3.077684 1.236068
-2.236068 3.077684 1.236068
-2.236068 3.077684 -1.236068
-3.618034 1.175571 -1.236068
-3.618034 -1.175570 -1.236068
-3.618034 -1.175570 1.236068
-3.618034 1.175571 1.236068
-3.618034 1.175571 1.236068
-3.618034 1.175571 -1.236068
-3.618034 -1.175570 -1.236068
-2.236069 -3.077683 -1.236068
-2.236069 -3.077683 1.236068
-3.618034 -1.175570 1.236068
-3.618034 -1.175570 1.236068
-3.618034 -1.175570 -1.236068
-2.236069 -3.077683 -1.236068
0.000000 -3.804226 -1.236068
0.000000 -3.804226 1.236068
-2.236069 -3.077683 1.236068
-2.236069 -3.077683 1.236068
-2.236069 -3.077683 -1.236068
0.000000 -3.804226 -1.236068
2.236069 -3.077683 -1.236068
2.236069 -3.077683 1.236068
0.000000 -3.804226 1.236068
0.000000 -3.804226 1.236068
0.000000 -3.804226 -1.236068
2.236069 -3.077683 -1.236068
3.618035 -1.175569 -1.236068
3.618035 -1.175569 1.236068
2.236069 -3.077683 1.236068
2.236069 -3.077683 1.236068
2.236069 -3.077683 -1.236068
3.618035 -1.175569 -1.236068
3.618033 1.175573 -1.236068
3.618033 1.175573 1.236068
3.618035 -1.175569 1.236068
3.618035 -1.175569 1.236068
3.618035 -1.175569 -1.236068
3.618033 1.175573 -1.236068
2.236065 3.077686 -1.236068
2.236065 3.077686 1.236068
3.618033 1.175573 1.236068
3.618033 1.175573 1.236068
3.618033 1.175573 -1.236068
2.236065 3.077686 -1.236068
-0.000000 3.804226 -1.236068
-0.000000 3.804226 1.236068
2.236065 3.077686 1.236068
2.236065 3.077686 1.236068
2.236065 3.077686 -1.236068
-0.000000 3.804226 -1.236068
-1.381966 1.902113 -3.236068
-2.236068 3.077684 -1.236068
-0.000000 3.804226 -1.236068
-0.000000 3.804226 -1.236068
-0.000000 2.351141 -3.236068
-1.381966 1.902113 -3.236068
-2.236068 0.726543 -3.236068
-3.618034 1.175571 -1.236068
-2.236068 3.077684 -1.236068
-2.236068 3.077684 -1.236068
-1.381966 1.902113 -3.236068
-2.236068 0.726543 -3.236068
-2.236068 -0.726542 -3.236068
-3.618034 -1.175570 -1.236068
-3.618034 1.175571 -1.236068
-3.618034 1.175571 -1.236068
-2.236068 0.726543 -3.236068
-2.236068 -0.726542 -3.236068
-1.381966 -1.902112 -3.236068
-2.236069 -3.077683 -1.236068
-3.618034 -1.175570 -1.236068
-3.618034 -1.175570 -1.236068
-2.236068 -0.726542 -3.236068
-1.381966 -1.902112 -3.236068
0.000000 -2.351141 -3.236068
0.000000 -3.804226 -1.236068
-2.236069 -3.077683 -1.236068
-2.236069 -3.077683 -1.236068
-1.381966 -1.902112 -3.236068
0.000000 -2.351141 -3.236068
1.381966 -1.902112 -3.236068
2.236069 -3.077683 -1.236068
0.000000 -3.804226 -1.236068
0.000000 -3.804226 -1.236068
0.000000 -2.351141 -3.236068
1.381966 -1.902112 -3.236068
2.236068 -0.726541 -3.236068
3.618035 -1.175569 -1.236068
2.236069 -3.077683 -1.236068
2.236069 -3.077683 -1.236068
1.381966 -1.902112 -3.236068
2.236068 -0.726541 -3.236068
2.236067 0.726544 -3.236068
3.618033 1.175573 -1.236068
3.618035 -1.175569 -1.236068
3.618035 -1.175569 -1.236068
2.236068 -0.726541 -3.236068
2.236067 0.726544 -3.236068
1.381964 1.902114 -3.236068
2.236065 3.077686 -1.236068
3.618033 1.175573 -1.236068
3.618033 1.175573 -1.236068
2.236067 0.726544 -3.236068
1.381964 1.902114 -3.236068
-0.000000 2.351141 -3.236068
-0.000000 3.804226 -1.236068
2.236065 3.077686 -1.236068
2.236065 3.077686 -1.236068
1.381964 1.902114 -3.236068
-0.000000 2.351141 -3.236068
0.000000 0.000000 -4.000000
-1.381966 1.902113 -3.236068
-0.000000 2.351141 -3.236068
0.000000 0.000000 -4.000000
-2.236068 0.726543 -3.236068
-1.381966 1.902113 -3.236068
0.000000 0.000000 -4.000000
-2.236068 -0.726542 -3.236068
-2.236068 0.726543 -3.236068
0.000000 0.000000 -4.000000
-1.381966 -1.902112 -3.236068
-2.236068 -0.726542 -3.236068
0.000000 0.000000 -4.000000
0.000000 -2.351141 -3.236068
-1.381966 -1.902112 -3.236068
0.000000 0.000000 -4.000000
1.381966 -1.902112 -3.236068
0.000000 -2.351141 -3.236068
0.000000 0.000000 -4.000000
2.236068 -0.726541 -3.236068
1.381966 -1.902112 -3.236068
0.000000 0.000000 -4.000000
2.236067 0.726544 -3.236068
2.236068 -0.726541 -3.236068
0.000000 0.000000 -4.000000
1.381964 1.902114 -3.236068
2.236067 0.726544 -3.236068
0.000000 0.000000 -4.000000
-0.000000 2.351141 -3.236068
1.381964 1.902114 -3.236068

normals:240
-0.000000 -0.000000 1.000000
-0.000000 0.625226 0.780444
-0.367498 0.505818 0.780444
-0.000000 -0.000000 1.000000
-0.367498 0.505818 0.780444
-0.594625 0.193205 0.780444
-0.000000 -0.000000 1.000000
-0.594625 0.193205 0.780444
-0.594625 -0.193205 0.780444
-0.000000 -0.000000 1.000000
-0.594625 -0.193205 0.780444
-0.367499 -0.505818 0.780444
-0.000000 -0.000000 1.000000
-0.367499 -0.505818 0.780444
0.000000 -0.625226 0.780444
-0.000000 -0.000000 1.000000
0.000000 -0.625226 0.780444
0.367499 -0.505818 0.780444
-0.000000 -0.000000 1.000000
0.367499 -0.505818 0.780444
0.594625 -0.193205 0.780444
-0.000000 -0.000000 1.000000
0.594625 -0.193205 0.780444
0.594625 0.193206 0.780444
-0.000000 -0.000000 1.000000
0.594625 0.193206 0.780444
0.367498 0.505818 0.780444
-0.000000 -0.000000 1.000000
0.367498 0.505818 0.780444
-0.000000 0.625226 0.780444
-0.562082 0.773640 0.292481
-0.367498 0.505818 0.780444
-0.000000 0.625226 0.780444
-0.000000 0.625226 0.780444
-0.000000 0.956271 0.292481
-0.562082 0.773640 0.292481
-0.909468 0.295504 0.292481
-0.594625 0.193205 0.780444
-0.367498 0.505818 0.780444
-0.367498 0.505818 0.780444
-0.562082 0.773640 0.292481
-0.909468 0.295504 0.292481
-0.909468 -0.295504 0.292481
-0.594625 -0.193205 0.780444
-0.594625 0.193205 0.780444
-0.594625 0.193205 0.780444
-0.909468 0.295504 0.292481
-0.909468 -0.295504 0.292481
-0.562082 -0.773640 0.292481
-0.367499 -0.505818 0.780444
-0.594625 -0.193205 0.780444
-0.594625 -0.193205 0.780444
-0.909468 -0.295504 0.292481
-0.562082 -0.773640 0.292481
-0.000000 -0.956271 0.292481
0.000000 -0.625226 0.780444
-0.367499 -0.505818 0.780444
-0.367499 -0.505818 0.780444
-0.562082 -0.773640 0.292481
-0.000000 -0.956271 0.292481
0.562082 -0.773640 0.292481
0.367499 -0.505818 0.780444
0.000000 -0.625226 0.780444
0.000000 -0.625226 0.780444
-0.000000 -0.956271 0.292481
0.562082 -0.773640 0.292481
0.909468 -0.295504 0.292481
0.594625 -0.193205 0.780444
0.367499 -0.505818 0.780444
0.367499 -0.505818 0.780444
0.562082 -0.773640 0.292481
0.909468 -0.295504 0.292481
0.909468 0.295505 0.292481
0.594625 0.193206 0.780444
0.594625 -0.193205 0.780444
0.594625 -0.193205 0.780444
0.909468 -0.295504 0.292481
0.909468 0.295505 0.292481
0.562082 0.773640 0.292481
0.367498 0.505818 0.780444
0.594625 0.193206 0.780444
0.594625 0.193206 0.780444
0.909468 0.295505 0.292481
0.562082 0.773640 0.292481
-0.000000 0.956271 0.292481
-0.000000 0.625226 0.780444
0.367498 0.505818 0.780444
0.367498 0.505818 0.780444
0.562082 0.773640 0.292481
-0.000000 0.956271 0.292481
-0.562082 0.773640 -0.292481
-0.562082 0.773640 0.292481
-0.000000 0.956271 0.292481
-0.000000 0.956271 0.292481
-0.000000 0.956271 -0.292481
-0.562082 0.773640 -0.292481
-0.909468 0.295504 -0.292481
-0.909468 0.295504 0.292481
-0.562082 0.773640 0.292481
-0.562082 0.773640 0.292481
-0.562082 0.773640 -0.292481
-0.909468 0.295504 -0.292481
-0.909468 -0.295504 -0.292481
-0.909468 -0.295504 0.292481
-0.909468 0.295504 0.292481
-0.909468 0.295504 0.292481
-0.909468 0.295504 -0.292481
-0.909468 -0.295504 -0.292481
-0.562082 -0.773640 -0.292481
-0.562082 -0.773640 0.292481
-0.909468 -0.295504 0.292481
-0.909468 -0.295504 0.292481
-0.909468 -0.295504 -0.292481
-0.562082 -0.773640 -0.292481
-0.000000 -0.956271 -0.292481
-0.000000 -0.956271 0.292481
-0.562082 -0.773640 0.292481
-0.562082 -0.773640 0.292481
-0.562082 -0.773640 -0.292481
-0.000000 -0.956271 -0.292481
0.562082 -0.773640 -0.292481
0.562082 -0.773640 0.292481
-0.000000 -0.956271 0.292481
-0.000000 -0.956271 0.292481
-0.000000 -0.956271 -0.292481
0.562082 -0.773640 -0.292481
0.909468 -0.295504 -0.292481
0.909468 -0.295504 0.292481
0.562082 -0.773640 0.292481
0.562082 -0.773640 0.292481
0.562082 -0.773640 -0.292481
0.909468 -0.295504 -0.292481
0.909468 0.295505 -0.292481
0.909468 0.295505 0.292481
0.909468 -0.295504 0.292481
0.909468 -0.295504 0.292481
0.909468 -0.295504 -0.292481
0.909468 0.295505 -0.292481
0.562082 0.773640 -0.292481
0.562082 0.773640 0.292481
0.909468 0.295505 0.292481
0.909468 0.295505 0.292481
0.909468 0.295505 -0.292481
0.562082 0.773640 -0.292481
-0.000000 0.956271 -0.292481
-0.000000 0.956271 0.292481
0.562082 0.773640 0.292481
0.562082 0.773640 0.292481
0.562082 0.773640 -0.292481
-0.000000 0.956271 -0.292481
-0.367498 0.505818 -0.780444
-0.562082 0.773640 -0.292481
-0.000000 0.956271 -0.292481
-0.000000 0.956271 -0.292481
-0.000000 0.625226 -0.780444
-0.367498 0.505818 -0.780444
-0.594625 0.193205 -0.780444
-0.909468 0.295504 -0.292481
-0.562082 0.773640 -0.292481
-0.562082 0.773640 -0.292481
-0.367498 0.505818 -0.780444
-0.594625 0.193205 -0.780444
-0.594625 -0.193205 -0.780444
-0.909468 -0.295504 -0.292481
-0.909468 0.295504 -0.292481
-0.909468 0.295504 -0.292481
-0.594625 0.193205 -0.780444
-0.594625 -0.193205 -0.780444
-0.367498 -0.505818 -0.780444
-0.562082 -0.773640 -0.292481
-0.909468 -0.295504 -0.292481
-0.909468 -0.295504 -0.292481
-0.594625 -0.193205 -0.780444
-0.367498 -0.505818 -0.780444
0.000000 -0.625226 -0.780444
-0.000000 -0.956271 -0.292481
-0.562082 -0.773640 -0.292481
-0.562082 -0.773640 -0.292481
-0.367498 -0.505818 -0.780444
0.000000 -0.625226 -0.780444
0.367499 -0.505818 -0.780444
0.562082 -0.773640 -0.292481
-0.000000 -0.956271 -0.292481
-0.000000 -0.956271 -0.292481
0.000000 -0.625226 -0.780444
0.367499 -0.505818 -0.780444
0.594625 -0.193205 -0.780444
0.909468 -0.295504 -0.292481
0.562082 -0.773640 -0.292481
0.562082 -0.773640 -0.292481
0.367499 -0.505818 -0.780444
0.594625 -0.193205 -0.780444
0.594625 0.193206 -0.780444
0.909468 0.295505 -0.292481
0.909468 -0.295504 -0.292481
0.909468 -0.295504 -0.292481
0.594625 -0.193205 -0.780444
0.594625 0.193206 -0.780444
0.367498 0.505818 -0.780444
0.562082 0.773640 -0.292481
0.909468 0.295505 -0.292481
0.909468 0.295505 -0.292481
0.594625 0.193206 -0.780444
0.367498 0.505818 -0.780444
-0.000000 0.625226 -0.780444
-0.000000 0.956271 -0.292481
0.562082 0.773640 -0.292481
0.562082 0.773640 -0.292481
0.367498 0.505818 -0.780444
-0.000000 0.625226 -0.780444
-0.000000 0.000000 -1.000000
-0.367498 0.505818 -0.780444
-0.000000 0.625226 -0.780444
-0.000000 0.000000 -1.000000
-0.594625 0.193205 -0.780444
-0.367498 0.505818 -0.780444
-0.000000 0.000000 -1.000000
-0.594625 -0.193205 -0.780444
-0.594625 0.193205 -0.780444
-0.000000 0.000000 -1.000000
-0.367498 -0.505818 -0.780444
-0.594625 -0.193205 -0.780444
-0.000000 0.000000 -1.000000
0.000000 -0.625226 -0.780444
-0.367498 -0.505818 -0.780444
-0.000000 0.000000 -1.000000
0.367499 -0.505818 -0.780444
0.000000 -0.625226 -0.780444
-0.000000 0.000000 -1.000000
0.594625 -0.193205 -0.780444
0.367499 -0.505818 -0.780444
-0.000000 0.000000 -1.000000
0.594625 0.193206 -0.780444
0.594625 -0.193205 -0.780444
-0.000000 0.000000 -1.000000
0.367498 0.505818 -0.780444
0.594625 0.193206 -0.780444
-0.000000 0.000000 -1.000000
-0.000000 0.625226 -0.780444
0.367498 0.505818 -0.780444

uvs:240
0.000000 1.000000
0.000000 0.800000
0.100000 0.800000
0.100000 1.000000
0.100000 0.800000
0.200000 0.800000
0.200000 1.000000
0.200000 0.800000
0.300000 0.800000
0.300000 1.000000
0.300000 0.800000
0.400000 0.800000
0.400000 1.000000
0.400000 0.800000
0.500000 0.800000
0.500000 1.000000
0.500000 0.800000
0.600000 0.800000
0.600000 1.000000
0.600000 0.800000
0.700000 0.800000
0.700000 1.000000
0.700000 0.800000
0.800000 0.800000
0.800000 1.000000
0.800000 0.800000
0.900000 0.800000
0.900000 1.000000
0.900000 0.800000
1.000000 0.800000
0.100000 0.600000
0.100000 0.800000
0.000000 0.800000
0.000000 0.800000
0.000000 0.600000
0.100000 0.600000
0.200000 0.600000
0.200000 0.800000
0.100000 0.800000
0.100000 0.800000
0.100000 0.600000
0.200000 0.600000
0.300000 0.600000
0.300000 0.800000
0.200000 0.800000
0.200000 0.800000
0.200000 0.600000
0.300000 0.600000
0.400000 0.600000
0.400000 0.800000
0.300000 0.800000
0.300000 0.800000
0.300000 0.600000
0.400000 0.600000
0.500000 0.600000
0.500000 0.800000
0.400000 0.800000
0.400000 0.800000
0.400000 0.600000
0.500000 0.600000
0.600000 0.600000
0.600000 0.800000
0.500000 0.800000
0.500000 0.800000
0.500000 0.600000
0.600000 0.600000
0.700000 0.600000
0.700000 0.800000
0.600000 0.800000
0.600000 0.800000
0.600000 0.600000
0.700000 0.600000
0.800000 0.600000
0.800000 0.800000
0.700000 0.800000
0.700000 0.800000
0.700000 0.600000
0.800000 0.600000
0.900000 0.600000
0.900000 0.800000
0.800000 0.800000
0.800000 0.800000
0.800000 0.600000
0.900000 0.600000
1.000000 0.600000
1.000000 0.800000
0.900000 0.800000
0.900000 0.800000
0.900000 0.600000
1.000000 0.600000
0.100000 0.400000
0.100000 0.600000
0.000000 0.600000
0.000000 0.600000
0.000000 0.400000
0.100000 0.400000
0.200000 0.400000
0.200000 0.600000
0.100000 0.600000
0.100000 0.600000
0.100000 0.400000
0.200000 0.400000
0.300000 0.400000
0.300000 0.600000
0.200000 0.600000
0.200000 0.600000
0.200000 0.400000
0.300000 0.400000
0.400000 0.400000
0.400000 0.600000
0.300000 0.600000
0.300000 0.600000
0.300000 0.400000
0.400000 0.400000
0.500000 0.400000
0.500000 0.600000
0.400000 0.600000
0.400000 0.600000
0.400000 0.400000
0.500000 0.400000
0.600000 0.400000
0.600000 0.600000
0.500000 0.600000
0.500000 0.600000
0.500000 0.400000
0.600000 0.400000
0.700000 0.400000
0.700000 0.600000
0.600000 0.600000
0.600000 0.600000
0.600000 0.400000
0.700000 0.400000
0.800000 0.400000
0.800000 0.600000
0.700000 0.600000
0.700000 0.600000
0.700000 0.400000
0.800000 0.400000
0.900000 0.400000
0.900000 0.600000
0.800000 0.600000
0.800000 0.600000
0.800000 0.400000
0.900000 0.400000
1.000000 0.400000
1.000000 0.600000
0.900000 0.600000
0.900000 0.600000
0.900000 0.400000
1.000000 0.400000
0.100000 0.200000
0.100000 0.400000
0.000000 0.400000
0.000000 0.400000
0.000000 0.200000
0.100000 0.200000
0.200000 0.200000
0.200000 0.400000
0.100000 0.400000
0.100000 0.400000
0.100000 0.200000
0.200000 0.200000
0.300000 0.200000
0.300000 0.400000
0.200000 0.400000
0.200000 0.400000
0.200000 0.200000
0.300000 0.200000
0.400000 0.200000
0.400000 0.400000
0.300000 0.400000
0.300000 0.400000
0.300000 0.200000
0.400000 0.200000
0.500000 0.200000
0.500000 0.400000
0.400000 0.400000
0.400000 0.400000
0.400000 0.200000
0.500000 0.200000
0.600000 0.200000
0.600000 0.400000
0.500000 0.400000
0.500000 0.400000
0.500000 0.200000
0.600000 0.200000
0.700000 0.200000
0.700000 0.400000
0.600000 0.400000
0.600000 0.400000
0.600000 0.200000
0.700000 0.200000
0.800000 0.200000
0.800000 0.400000
0.700000 0.400000
0.700000 0.400000
0.700000 0.200000
0.800000 0.200000
0.900000 0.200000
0.900000 0.400000
0.800000 0.400000
0.800000 0.400000
0.800000 0.200000
0.900000 0.200000
1.000000 0.200000
1.000000 0.400000
0.900000 0.400000
0.900000 0.400000
0.900000 0.200000
1.000000 0.200000
0.000000 0.000000
0.100000 0.200000
0.000000 0.200000
0.100000 0.000000
0.200000 0.200000
0.100000 0.200000
0.200000 0.000000
0.300000 0.200000
0.200000 0.200000
0.300000 0.000000
0.400000 0.200000
0.300000 0.200000
0.400000 0.000000
0.500000 0.200000
0.400000 0.200000
0.500000 0.000000
0.600000 0.200000
0.500000 0.200000
0.600000 0.000000
0.700000 0.200000
0.600000 0.200000
0.700000 0.000000
0.800000 0.200000
0.700000 0.200000
0.800000 0.000000
0.900000 0.200000
0.800000 0.200000
0.900000 0.000000
1.000000 0.200000
0.900000 0.200000
